D:/document/xulyanh/btl/code/data/cocacola1.jpg+[[ 7.9612639e-03  5.4898555e-03  9.3665523e-03 ... -5.3087263e-03
   6.2622060e-04  5.6727435e-03]
 [-1.3834713e-03 -7.5454079e-04  1.3834713e-03 ...  1.5806169e-03
   1.2231932e-02  2.7013407e-03]
 [ 1.5178502e-03  1.9382364e-03  6.3908915e-03 ... -2.2172735e-03
   1.4192987e-03  2.5907466e-03]
 ...
 [-1.2217776e-02  5.2254666e-03  1.4724936e-02 ...  3.7390790e-05
   1.6713123e-04  3.7390790e-05]
 [-2.8221877e-04  1.8206518e-04  3.5606505e-04 ...  3.9352994e-06
   2.4424036e-04  4.2065603e-05]
 [-1.8767015e-03  4.0594758e-03  2.4315745e-03 ...  0.0000000e+00
   0.0000000e+00  0.0000000e+00]]
 ~ 
D:/document/xulyanh/btl/code/data/cocacola2.jpg+[[ 0.          0.          0.         ...  0.          0.
   0.        ]
 [ 0.00113317  0.00426073  0.00161486 ...  0.          0.
   0.        ]
 [ 0.00112568 -0.0007091   0.00248639 ...  0.          0.
   0.        ]
 ...
 [-0.00082564  0.00206202  0.00088321 ...  0.          0.
   0.        ]
 [-0.00959614 -0.00208195  0.0096416  ...  0.00191199  0.00400829
   0.00830512]
 [ 0.00846058  0.00147926  0.01511091 ...  0.00998767  0.02737129
   0.02870714]]
 ~ 
D:/document/xulyanh/btl/code/data/coca_cola2.jpg+[[-2.5806861e-05  2.9857409e-05  2.6326530e-05 ... -5.1138666e-04
   6.1791632e-03  6.1908283e-04]
 [ 0.0000000e+00  0.0000000e+00  0.0000000e+00 ...  1.8567991e-04
   7.7738491e-04  2.7354673e-04]
 [ 1.6073710e-03 -5.2642846e-03  9.2050144e-03 ... -3.4527369e-05
   5.4640481e-05  6.3241554e-05]
 ...
 [ 2.0298701e-02  6.3638813e-03  2.5410827e-02 ...  3.1691897e-03
   3.7190404e-02  7.3609198e-03]
 [ 9.7960019e-03  5.9882705e-03  1.9473787e-02 ...  4.1260608e-03
   2.8384913e-02  5.3256764e-03]
 [-5.5733374e-03 -2.2302443e-04  5.5733374e-03 ...  0.0000000e+00
   0.0000000e+00  0.0000000e+00]]
 ~ 
D:/document/xulyanh/btl/code/data/coca_cola3.jpg+[[-1.1554208e-03  3.2342813e-04  1.4538394e-03 ...  1.3095494e-04
   1.0094866e-02  1.2174392e-03]
 [-6.5095880e-04 -4.6725180e-03  9.1684324e-04 ...  1.7293633e-03
   1.7226031e-03  1.8257558e-03]
 [ 9.3566446e-04  2.4317389e-03  2.0316844e-03 ... -9.8204900e-06
   3.0030669e-03  9.6004066e-04]
 ...
 [ 5.9303301e-03 -9.0492554e-03  8.6104590e-03 ...  6.0308445e-03
   6.8767602e-03  7.5360951e-03]
 [ 9.5065488e-03  1.5225138e-04  1.0684611e-02 ...  2.8564845e-04
   7.7108024e-03  1.1774822e-02]
 [-7.5642834e-04 -2.1189921e-04  7.5814161e-03 ...  2.7027237e-03
   2.3038967e-03  3.4338974e-03]]
 ~ 
D:/document/xulyanh/btl/code/data/coca_cola4.jpg+[[ 7.9815220e-03  4.7106291e-03  7.9964185e-03 ... -7.7159994e-04
   6.6393765e-04  8.9275360e-04]
 [-5.2688638e-04 -1.8222020e-04  1.9147312e-03 ... -4.2701341e-04
   9.9581741e-03  5.4606283e-03]
 [-1.6119003e-03 -5.2108191e-04  7.5881155e-03 ...  2.9868333e-04
   4.7153592e-04  9.0197026e-04]
 ...
 [-1.1788125e-05  9.5725372e-05  3.0522264e-04 ...  1.1298676e-03
   8.3188852e-03  3.2243421e-03]
 [ 1.1491617e-04 -4.1321302e-05  2.3483229e-04 ...  6.1011745e-04
   6.7014573e-04  7.7144138e-04]
 [ 3.2311464e-03  6.8587335e-03  6.7190542e-03 ... -1.8318640e-02
   2.6856050e-02  1.8733094e-02]]
 ~ 
D:/document/xulyanh/btl/code/data/coca_cola5.jpg+[[ 6.4814049e-03  5.7769245e-03  6.6845287e-03 ...  5.0248485e-03
   1.4480471e-03  1.8065808e-02]
 [ 5.6364741e-03  4.8829485e-03  7.1326392e-03 ... -6.0396357e-03
   2.4855235e-03  7.1356837e-03]
 [-7.0860623e-03 -3.9947717e-03  9.8636141e-03 ...  1.4717506e-03
   7.8144541e-04  2.2051248e-03]
 ...
 [ 7.6740244e-03  2.5902316e-03  7.9849875e-03 ... -6.7150628e-04
   1.9099029e-03  1.1790764e-03]
 [-1.6341731e-02  3.8701850e-03  1.7371308e-02 ... -1.2979329e-05
   3.6802059e-03  3.0866460e-04]
 [-5.4527028e-04 -3.6610754e-03  4.8882491e-03 ... -2.3697095e-03
   1.4789222e-02  3.7129857e-03]]
 ~ 
D:/document/xulyanh/btl/code/data/coca_cola6.jpg+[[-1.4493443e-04  6.9957675e-04  6.4814854e-03 ... -6.6738976e-03
   1.3090025e-03  7.4778912e-03]
 [-1.8500669e-03  2.6218786e-03  2.3296063e-03 ... -2.0544953e-03
   5.4907170e-03  4.1960408e-03]
 [ 6.7217136e-03  4.2805444e-03  7.6935287e-03 ...  1.8873370e-04
   2.4063695e-04  8.3251571e-04]
 ...
 [-2.9960735e-04 -2.9684003e-03  9.9115791e-03 ...  3.6108105e-03
   6.6037346e-03  1.0802045e-02]
 [ 5.1663961e-04 -9.0889120e-04  5.8708992e-03 ... -6.0045466e-05
   7.3708254e-03  5.5805785e-03]
 [ 2.6180528e-03 -4.5032036e-03  5.9210830e-03 ... -1.4769753e-04
   6.0554682e-03  6.1557419e-03]]
 ~ 
D:/document/xulyanh/btl/code/data/coca_cola7.JPG+[[ 0.00018282  0.00020458  0.00028454 ... -0.00196211  0.00581072
   0.00256287]
 [ 0.00107558  0.00054597  0.00113982 ...  0.00322932  0.01312372
   0.00366846]
 [ 0.00798123 -0.00437427  0.00990046 ... -0.00714164  0.0018871
   0.00723421]
 ...
 [-0.00489949 -0.00084138  0.00883354 ... -0.00100626  0.00507643
   0.00307074]
 [ 0.00921573 -0.00711318  0.0105063  ...  0.00441192  0.0106142
   0.00477046]
 [-0.00570679  0.00554904  0.01699121 ...  0.00375129  0.00234304
   0.00671381]]
 ~ 
D:/document/xulyanh/btl/code/data/coca_cola8.JPG+[[ 1.7327945e-03  7.3470484e-04  1.7388033e-03 ...  2.1995397e-03
   8.0902139e-03  2.4095725e-03]
 [ 2.0500094e-05 -1.8706864e-04  1.8494012e-04 ... -2.8521919e-03
   8.7868636e-03  3.2148336e-03]
 [ 4.4418499e-03  5.2388565e-04  4.4735479e-03 ... -5.1432350e-03
   8.3808126e-03  6.5278960e-03]
 ...
 [-6.3266871e-03 -2.8665261e-02  1.2671927e-02 ...  4.4182839e-04
   3.3411891e-03  1.2652240e-03]
 [ 1.7977101e-03  9.8990614e-04  3.0003176e-03 ...  2.5616467e-03
   2.5395602e-03  8.6464062e-03]
 [-1.2266697e-04 -7.1979850e-04  6.2682829e-04 ...  8.5467024e-04
   1.3929715e-03  3.1224336e-03]]
 ~ 
D:/document/xulyanh/btl/code/data/coca_logo.png+[[-5.9977844e-03 -4.9698609e-03  9.6807312e-03 ... -6.8809227e-06
   6.8809227e-06  6.8809227e-06]
 [ 3.8024550e-03  5.0473933e-05  3.8151504e-03 ...  2.4201877e-03
   3.2139346e-03  2.5603150e-03]
 [ 8.4622717e-03  4.5140060e-03  8.4721837e-03 ... -4.9183919e-04
   5.7036395e-04  5.5266568e-04]
 ...
 [ 1.5434547e-05 -9.5938622e-06  1.5434547e-05 ...  0.0000000e+00
   0.0000000e+00  0.0000000e+00]
 [ 7.6538658e-05 -2.9435319e-05  7.6538658e-05 ...  0.0000000e+00
   0.0000000e+00  0.0000000e+00]
 [ 0.0000000e+00  0.0000000e+00  0.0000000e+00 ... -5.3533062e-04
   1.1760998e-03  5.3533062e-04]]